S (m)	X Coordinate (m)	Y Coordinate (m)	Z Coordinate (m)	Shear Stress (Pa)
0.	0.20016	-7.5243e-003	0.	2.4873e+005
1.4843e-003	0.19868	-7.5919e-003	0.	4.8992e+005
2.9687e-003	0.1972	-7.6593e-003	0.	4.7568e+005
4.453e-003	0.19572	-7.7264e-003	0.	4.6122e+005
5.9374e-003	0.19423	-7.7933e-003	0.	4.4671e+005
7.4217e-003	0.19275	-7.8598e-003	0.	4.3211e+005
8.906e-003	0.19127	-7.9261e-003	0.	4.1742e+005
1.039e-002	0.18978	-7.9921e-003	0.	4.0265e+005
1.1875e-002	0.1883	-8.0578e-003	0.	3.878e+005
1.3359e-002	0.18682	-8.1231e-003	0.	3.7286e+005
1.4843e-002	0.18534	-8.1882e-003	0.	3.5784e+005
1.6328e-002	0.18385	-8.2528e-003	0.	3.4273e+005
1.7812e-002	0.18237	-8.3172e-003	0.	3.2754e+005
1.9296e-002	0.18089	-8.3811e-003	0.	3.1228e+005
2.0781e-002	0.1794	-8.4447e-003	0.	2.9692e+005
2.2265e-002	0.17792	-8.5078e-003	0.	2.8149e+005
2.3749e-002	0.17644	-8.5705e-003	0.	2.6598e+005
2.5234e-002	0.17495	-8.6327e-003	0.	2.5039e+005
2.6718e-002	0.17347	-8.6945e-003	0.	2.3471e+005
2.8202e-002	0.17199	-8.7558e-003	0.	2.1896e+005
2.9687e-002	0.17051	-8.8165e-003	0.	2.0313e+005
3.1171e-002	0.16902	-8.8767e-003	0.	1.8722e+005
3.2656e-002	0.16754	-8.9363e-003	0.	1.7123e+005
3.414e-002	0.16606	-8.9954e-003	0.	1.5517e+005
3.5624e-002	0.16457	-9.0538e-003	0.	1.3903e+005
3.7109e-002	0.16309	-9.1116e-003	0.	1.2282e+005
3.8593e-002	0.16161	-9.1688e-003	0.	1.0653e+005
4.0077e-002	0.16012	-9.2253e-003	0.	90163
4.1562e-002	0.15864	-9.2812e-003	0.	73726
4.3046e-002	0.15716	-9.3364e-003	0.	57216
4.453e-002	0.15567	-9.391e-003	0.	40636
4.6015e-002	0.15419	-9.4449e-003	0.	23983
4.7499e-002	0.15271	-9.4982e-003	0.	7260.9
4.8983e-002	0.15122	-9.5508e-003	0.	-9531.
5.0468e-002	0.14974	-9.6028e-003	0.	-26391
5.1952e-002	0.14826	-9.6541e-003	0.	-43320
5.3436e-002	0.14677	-9.7049e-003	0.	-60316
5.4921e-002	0.14529	-9.7551e-003	0.	-77378
5.6405e-002	0.14381	-9.8047e-003	0.	-94506
5.7889e-002	0.14232	-9.8538e-003	0.	-1.117e+005
5.9374e-002	0.14084	-9.9023e-003	0.	-1.2896e+005
6.0858e-002	0.13935	-9.9503e-003	0.	-1.4628e+005
6.2342e-002	0.13787	-9.9978e-003	0.	-1.6366e+005
6.3827e-002	0.13639	-1.0045e-002	0.	-1.8111e+005
6.5311e-002	0.1349	-1.0091e-002	0.	-1.9862e+005
6.6795e-002	0.13342	-1.0138e-002	0.	-2.1619e+005
6.828e-002	0.13194	-1.0183e-002	0.	-2.3383e+005
6.9764e-002	0.13045	-1.0229e-002	0.	-2.5152e+005
7.1248e-002	0.12897	-1.0274e-002	0.	-2.6927e+005
7.2733e-002	0.12749	-1.0318e-002	0.	-2.8709e+005
7.4217e-002	0.126	-1.0362e-002	0.	-3.0496e+005
7.5701e-002	0.12452	-1.0406e-002	0.	-3.2289e+005
7.7186e-002	0.12303	-1.045e-002	0.	-3.4088e+005
7.867e-002	0.12155	-1.0493e-002	0.	-3.5893e+005
8.0154e-002	0.12007	-1.0536e-002	0.	-3.7704e+005
8.1639e-002	0.11858	-1.0578e-002	0.	-3.952e+005
8.3123e-002	0.1171	-1.062e-002	0.	-4.1342e+005
8.4607e-002	0.11562	-1.0662e-002	0.	-4.317e+005
8.6092e-002	0.11413	-1.0704e-002	0.	-4.5003e+005
8.7576e-002	0.11265	-1.0745e-002	0.	-4.6842e+005
8.906e-002	0.11116	-1.0785e-002	0.	-4.8687e+005
9.0545e-002	0.10968	-1.0825e-002	0.	-5.0537e+005
9.2029e-002	0.1082	-1.0865e-002	0.	-5.2392e+005
9.3513e-002	0.10671	-1.0904e-002	0.	-5.4254e+005
9.4998e-002	0.10523	-1.0943e-002	0.	-5.612e+005
9.6482e-002	0.10375	-1.0981e-002	0.	-5.7992e+005
9.7967e-002	0.10226	-1.1018e-002	0.	-5.9869e+005
9.9451e-002	0.10078	-1.1054e-002	0.	-6.1751e+005
0.10094	9.9294e-002	-1.1089e-002	0.	-6.3638e+005
0.10242	9.781e-002	-1.1123e-002	0.	-6.5531e+005
0.1039	9.6326e-002	-1.1155e-002	0.	-6.7428e+005
0.10539	9.4842e-002	-1.1186e-002	0.	-6.933e+005
0.10687	9.3358e-002	-1.1215e-002	0.	-7.1237e+005
0.10836	9.1874e-002	-1.1243e-002	0.	-7.3149e+005
0.10984	9.0389e-002	-1.1269e-002	0.	-7.5065e+005
0.11133	8.8905e-002	-1.1293e-002	0.	-7.6986e+005
0.11281	8.7421e-002	-1.1316e-002	0.	-7.8913e+005
0.11429	8.5937e-002	-1.1337e-002	0.	-8.0847e+005
0.11578	8.4453e-002	-1.1357e-002	0.	-8.2787e+005
0.11726	8.2969e-002	-1.1375e-002	0.	-8.4753e+005
0.11875	8.1484e-002	-1.1392e-002	0.	-8.6673e+005
0.12023	8.e-002	-1.1407e-002	0.	-4.4321e+005
0.12174	7.8491e-002	-1.1421e-002	0.	89739
0.12325	7.6981e-002	-1.1433e-002	0.	72270
0.12476	7.5472e-002	-1.1444e-002	0.	52887
0.12627	7.3963e-002	-1.1453e-002	0.	32269
0.12778	7.2453e-002	-1.146e-002	0.	13063
0.12929	7.0944e-002	-1.1465e-002	0.	-5627.9
0.1308	6.9435e-002	-1.1468e-002	0.	-24798
0.13231	6.7925e-002	-1.1468e-002	0.	-43856
0.13382	6.6416e-002	-1.1465e-002	0.	-62810
0.13533	6.4907e-002	-1.1458e-002	0.	-81897
0.13683	6.3398e-002	-1.1449e-002	0.	-1.0109e+005
0.13834	6.1888e-002	-1.1435e-002	0.	-1.204e+005
0.13985	6.0379e-002	-1.1418e-002	0.	-1.3967e+005
0.14136	5.887e-002	-1.1399e-002	0.	-1.5933e+005
0.14287	5.7361e-002	-1.1374e-002	0.	-1.7901e+005
0.14438	5.5852e-002	-1.1346e-002	0.	-1.9907e+005
0.14589	5.4343e-002	-1.1314e-002	0.	-2.1924e+005
0.1474	5.2834e-002	-1.1278e-002	0.	-2.3929e+005
0.14891	5.1325e-002	-1.1238e-002	0.	-2.5914e+005
0.15042	4.9816e-002	-1.1196e-002	0.	-2.7894e+005
0.15193	4.8308e-002	-1.1147e-002	0.	-2.9852e+005
0.15344	4.6799e-002	-1.1095e-002	0.	-3.1802e+005
0.15495	4.5291e-002	-1.1039e-002	0.	-3.3765e+005
0.15646	4.3783e-002	-1.0976e-002	0.	-3.5709e+005
0.15797	4.2275e-002	-1.0908e-002	0.	-3.7587e+005
0.15947	4.0767e-002	-1.0836e-002	0.	-3.9493e+005
0.16098	3.926e-002	-1.0755e-002	0.	-4.1377e+005
0.16249	3.7753e-002	-1.0666e-002	0.	-4.3262e+005
0.164	3.6247e-002	-1.057e-002	0.	-4.5146e+005
0.16551	3.4741e-002	-1.0466e-002	0.	-4.7025e+005
0.16702	3.3237e-002	-1.035e-002	0.	-4.8883e+005
0.16853	3.1732e-002	-1.0229e-002	0.	-5.0783e+005
0.17004	3.0228e-002	-1.0101e-002	0.	-5.2753e+005
0.17155	2.8725e-002	-9.9668e-003	0.	-5.4358e+005
0.17306	2.7222e-002	-9.8275e-003	0.	-5.5841e+005
0.17457	2.5719e-002	-9.6837e-003	0.	-5.7662e+005
0.17608	2.4219e-002	-9.5198e-003	0.	-5.9348e+005
0.17759	2.2721e-002	-9.339e-003	0.	-6.0867e+005
0.1791	2.1224e-002	-9.1409e-003	0.	-6.288e+005
0.18061	1.9734e-002	-8.9056e-003	0.	-6.4324e+005
0.18211	1.8245e-002	-8.6538e-003	0.	-6.595e+005
0.18362	1.6761e-002	-8.3803e-003	0.	-6.7373e+005
0.18513	1.5282e-002	-8.0812e-003	0.	-6.8902e+005
0.18664	1.3805e-002	-7.77e-003	0.	-7.0912e+005
0.18815	1.2332e-002	-7.442e-003	0.	-7.2769e+005
0.18966	1.0864e-002	-7.0911e-003	0.	-7.4678e+005
0.19117	9.4012e-003	-6.7184e-003	0.	-7.6231e+005
0.19268	7.954e-003	-6.2898e-003	0.	-7.6268e+005
0.19419	6.5395e-003	-5.7674e-003	0.	-7.5803e+005
0.1957	5.149e-003	-5.1818e-003	0.	-7.8491e+005
0.19721	3.825e-003	-4.4571e-003	0.	-7.7352e+005
0.19871	2.5825e-003	-3.6046e-003	0.	-6.8721e+005
0.20022	1.4144e-003	-2.6527e-003	0.	-6.4925e+005
0.20172	5.0099e-004	-1.4572e-003	0.	-4.1171e+005
0.20322	1.3012e-005	-4.2856e-005	0.	-91787
0.20472	1.7702e-004	1.4469e-003	0.	2.6473e+005
0.20622	8.3308e-004	2.7956e-003	0.	4.5122e+005
0.20773	1.7656e-003	3.9825e-003	0.	5.6471e+005
0.20923	2.8287e-003	5.0483e-003	0.	6.3782e+005
0.21074	3.9863e-003	6.0142e-003	0.	6.9049e+005
0.21225	5.2114e-003	6.8962e-003	0.	7.3924e+005
0.21376	6.515e-003	7.6571e-003	0.	7.7366e+005
0.21527	7.86e-003	8.341e-003	0.	7.906e+005
0.21678	9.2286e-003	8.9771e-003	0.	7.9504e+005
0.21829	1.061e-002	9.5841e-003	0.	7.9312e+005
0.2198	1.2e-002	1.0173e-002	0.	7.9022e+005
0.22131	1.3399e-002	1.074e-002	0.	7.8804e+005
0.22282	1.4804e-002	1.1292e-002	0.	7.8079e+005
0.22432	1.6214e-002	1.1829e-002	0.	7.7462e+005
0.22583	1.7638e-002	1.2331e-002	0.	7.6757e+005
0.22734	1.9067e-002	1.2814e-002	0.	7.6435e+005
0.22885	2.0506e-002	1.3272e-002	0.	7.6096e+005
0.23036	2.1955e-002	1.3694e-002	0.	7.5365e+005
0.23187	2.3408e-002	1.4102e-002	0.	7.5011e+005
0.23338	2.4867e-002	1.4488e-002	0.	7.4394e+005
0.23489	2.6329e-002	1.4862e-002	0.	7.3486e+005
0.2364	2.7793e-002	1.5231e-002	0.	7.2267e+005
0.23791	2.9259e-002	1.559e-002	0.	7.0974e+005
0.23942	3.0727e-002	1.594e-002	0.	6.992e+005
0.24093	3.2197e-002	1.6282e-002	0.	6.9022e+005
0.24244	3.367e-002	1.661e-002	0.	6.793e+005
0.24395	3.5146e-002	1.6926e-002	0.	6.6861e+005
0.24545	3.6624e-002	1.7233e-002	0.	6.5765e+005
0.24696	3.8104e-002	1.7527e-002	0.	6.443e+005
0.24847	3.9587e-002	1.7812e-002	0.	6.3111e+005
0.24998	4.107e-002	1.8089e-002	0.	6.1873e+005
0.25149	4.2556e-002	1.8358e-002	0.	6.0799e+005
0.253	4.4042e-002	1.8618e-002	0.	5.9295e+005
0.25451	4.553e-002	1.8872e-002	0.	5.7549e+005
0.25602	4.7019e-002	1.9119e-002	0.	5.5675e+005
0.25753	4.8509e-002	1.9359e-002	0.	5.387e+005
0.25904	5.e-002	1.9594e-002	0.	5.2269e+005
0.26055	5.1492e-002	1.9821e-002	0.	5.0721e+005
0.26206	5.2985e-002	2.0041e-002	0.	4.9125e+005
0.26357	5.4479e-002	2.0256e-002	0.	4.7593e+005
0.26508	5.5975e-002	2.0462e-002	0.	4.5944e+005
0.26659	5.7471e-002	2.0661e-002	0.	4.4158e+005
0.26809	5.8968e-002	2.0855e-002	0.	4.238e+005
0.2696	6.0466e-002	2.1038e-002	0.	4.0484e+005
0.27111	6.1965e-002	2.1214e-002	0.	3.8672e+005
0.27262	6.3464e-002	2.1386e-002	0.	3.6867e+005
0.27413	6.4965e-002	2.1546e-002	0.	3.4931e+005
0.27564	6.6466e-002	2.1702e-002	0.	3.3018e+005
0.27715	6.7968e-002	2.1851e-002	0.	3.1137e+005
0.27866	6.9471e-002	2.1993e-002	0.	2.9237e+005
0.28017	7.0974e-002	2.2131e-002	0.	2.7394e+005
0.28168	7.2478e-002	2.2264e-002	0.	2.5473e+005
0.28319	7.3981e-002	2.2392e-002	0.	2.338e+005
0.2847	7.5486e-002	2.2517e-002	0.	2.1205e+005
0.28621	7.699e-002	2.2637e-002	0.	1.9076e+005
0.28772	7.8495e-002	2.2753e-002	0.	1.5343e+005
0.28923	8.e-002	2.2868e-002	0.	5.7209e+005
0.29071	8.1481e-002	2.2976e-002	0.	1.1129e+006
0.2922	8.2963e-002	2.308e-002	0.	1.0907e+006
0.29368	8.4445e-002	2.3182e-002	0.	1.069e+006
0.29517	8.5927e-002	2.3279e-002	0.	1.0477e+006
0.29665	8.7409e-002	2.3373e-002	0.	1.0265e+006
0.29814	8.8892e-002	2.3462e-002	0.	1.0053e+006
0.29962	9.0375e-002	2.3546e-002	0.	9.8416e+005
0.30111	9.1858e-002	2.3624e-002	0.	9.629e+005
0.30259	9.3342e-002	2.3697e-002	0.	9.4154e+005
0.30408	9.4825e-002	2.3764e-002	0.	9.201e+005
0.30556	9.631e-002	2.3825e-002	0.	8.9856e+005
0.30705	9.7794e-002	2.388e-002	0.	8.7691e+005
0.30853	9.9278e-002	2.3929e-002	0.	8.5516e+005
0.31002	0.10076	2.3973e-002	0.	8.3332e+005
0.31151	0.10225	2.4012e-002	0.	8.1141e+005
0.31299	0.10373	2.4045e-002	0.	7.8941e+005
0.31448	0.10522	2.4075e-002	0.	7.6735e+005
0.31596	0.1067	2.41e-002	0.	7.4523e+005
0.31745	0.10819	2.4122e-002	0.	7.2307e+005
0.31893	0.10967	2.414e-002	0.	7.0086e+005
0.32042	0.11116	2.4156e-002	0.	6.7861e+005
0.3219	0.11264	2.4168e-002	0.	6.5633e+005
0.32339	0.11413	2.4177e-002	0.	6.3402e+005
0.32487	0.11561	2.4183e-002	0.	6.1169e+005
0.32636	0.1171	2.4187e-002	0.	5.8934e+005
0.32784	0.11858	2.4189e-002	0.	5.6698e+005
0.32933	0.12007	2.4187e-002	0.	5.446e+005
0.33081	0.12156	2.4184e-002	0.	5.2222e+005
0.3323	0.12304	2.4177e-002	0.	4.9983e+005
0.33379	0.12453	2.4169e-002	0.	4.7743e+005
0.33527	0.12601	2.4158e-002	0.	4.5504e+005
0.33676	0.1275	2.4144e-002	0.	4.3266e+005
0.33824	0.12898	2.4129e-002	0.	4.1028e+005
0.33973	0.13047	2.411e-002	0.	3.8791e+005
0.34121	0.13195	2.4089e-002	0.	3.6555e+005
0.3427	0.13344	2.4066e-002	0.	3.4322e+005
0.34418	0.13492	2.404e-002	0.	3.209e+005
0.34567	0.13641	2.4011e-002	0.	2.986e+005
0.34715	0.13789	2.3979e-002	0.	2.7634e+005
0.34864	0.13938	2.3945e-002	0.	2.541e+005
0.35012	0.14086	2.3908e-002	0.	2.319e+005
0.35161	0.14235	2.3867e-002	0.	2.0974e+005
0.35309	0.14383	2.3824e-002	0.	1.8762e+005
0.35458	0.14532	2.3778e-002	0.	1.6554e+005
0.35606	0.1468	2.3729e-002	0.	1.4351e+005
0.35755	0.14829	2.3677e-002	0.	1.2154e+005
0.35904	0.14977	2.3621e-002	0.	99620
0.36052	0.15125	2.3563e-002	0.	77763
0.36201	0.15274	2.3502e-002	0.	55974
0.36349	0.15422	2.3437e-002	0.	34252
0.36498	0.15571	2.337e-002	0.	12600
0.36646	0.15719	2.3299e-002	0.	-8970.7
0.36795	0.15867	2.3226e-002	0.	-30466
0.36943	0.16016	2.315e-002	0.	-51878
0.37092	0.16164	2.3071e-002	0.	-73201
0.3724	0.16312	2.2989e-002	0.	-94436
0.37389	0.16461	2.2905e-002	0.	-1.1558e+005
0.37537	0.16609	2.2819e-002	0.	-1.3663e+005
0.37686	0.16757	2.273e-002	0.	-1.5758e+005
0.37834	0.16905	2.2639e-002	0.	-1.7843e+005
0.37983	0.17054	2.2547e-002	0.	-1.9918e+005
0.38132	0.17202	2.2452e-002	0.	-2.1983e+005
0.3828	0.1735	2.2356e-002	0.	-2.4037e+005
0.38429	0.17498	2.2259e-002	0.	-2.6081e+005
0.38577	0.17646	2.2159e-002	0.	-2.8113e+005
0.38726	0.17795	2.2059e-002	0.	-3.0135e+005
0.38874	0.17943	2.1957e-002	0.	-3.2145e+005
0.39023	0.18091	2.1854e-002	0.	-3.4144e+005
0.39171	0.18239	2.1749e-002	0.	-3.6132e+005
0.3932	0.18387	2.1644e-002	0.	-3.8108e+005
0.39468	0.18535	2.1537e-002	0.	-4.0072e+005
0.39617	0.18684	2.1429e-002	0.	-4.2024e+005
0.39765	0.18832	2.1319e-002	0.	-4.3964e+005
0.39914	0.1898	2.1209e-002	0.	-4.5892e+005
0.40062	0.19128	2.1097e-002	0.	-4.7806e+005
0.40211	0.19276	2.0984e-002	0.	-4.9709e+005
0.40359	0.19424	2.087e-002	0.	-5.1599e+005
0.40508	0.19572	2.0754e-002	0.	-5.3474e+005
0.40657	0.1972	2.0636e-002	0.	-5.534e+005
0.40805	0.19868	2.0518e-002	0.	-5.7178e+005
0.40954	0.20016	2.0397e-002	0.	-2.914e+005
0.41103	0.20165	2.0275e-002	0.	3.3307e+005
0.41252	0.20314	2.0151e-002	0.	3.149e+005
0.41401	0.20463	2.0025e-002	0.	2.9677e+005
0.41551	0.20611	1.9898e-002	0.	2.788e+005
0.417	0.2076	1.9769e-002	0.	2.6097e+005
0.41849	0.20909	1.9638e-002	0.	2.4329e+005
0.41999	0.21057	1.9505e-002	0.	2.2576e+005
0.42148	0.21206	1.9371e-002	0.	2.0838e+005
0.42297	0.21355	1.9234e-002	0.	1.9116e+005
0.42446	0.21503	1.9096e-002	0.	1.7409e+005
0.42596	0.21652	1.8957e-002	0.	1.5719e+005
0.42745	0.21801	1.8815e-002	0.	1.4043e+005
0.42894	0.21949	1.8672e-002	0.	1.2385e+005
0.43044	0.22098	1.8527e-002	0.	1.0743e+005
0.43193	0.22246	1.838e-002	0.	91176
0.43342	0.22395	1.8231e-002	0.	75094
0.43491	0.22543	1.8081e-002	0.	59175
0.43641	0.22692	1.793e-002	0.	43439
0.4379	0.2284	1.7777e-002	0.	27866
0.43939	0.22989	1.7622e-002	0.	12475
0.44088	0.23137	1.7466e-002	0.	-2740.7
0.44238	0.23286	1.7308e-002	0.	-17780
0.44387	0.23434	1.7149e-002	0.	-32632
0.44536	0.23583	1.6989e-002	0.	-47311
0.44686	0.23731	1.6827e-002	0.	-61799
0.44835	0.23879	1.6664e-002	0.	-76108
0.44984	0.24028	1.65e-002	0.	-90229
0.45133	0.24176	1.6335e-002	0.	-1.0416e+005
0.45283	0.24325	1.6168e-002	0.	-1.1791e+005
0.45432	0.24473	1.6e-002	0.	-1.3146e+005
0.45581	0.24621	1.5831e-002	0.	-1.4482e+005
0.45731	0.24769	1.566e-002	0.	-1.5799e+005
0.4588	0.24918	1.5489e-002	0.	-1.7096e+005
0.46029	0.25066	1.5316e-002	0.	-1.8374e+005
0.46178	0.25214	1.5142e-002	0.	-1.9632e+005
0.46328	0.25363	1.4966e-002	0.	-2.087e+005
0.46477	0.25511	1.4789e-002	0.	-2.2087e+005
0.46626	0.25659	1.461e-002	0.	-2.3285e+005
0.46775	0.25807	1.4431e-002	0.	-2.4462e+005
0.46925	0.25955	1.4249e-002	0.	-2.5617e+005
0.47074	0.26103	1.4066e-002	0.	-2.6753e+005
0.47223	0.26252	1.3882e-002	0.	-2.7867e+005
0.47373	0.264	1.3696e-002	0.	-2.896e+005
0.47522	0.26548	1.3508e-002	0.	-3.0032e+005
0.47671	0.26696	1.3319e-002	0.	-3.1081e+005
0.4782	0.26844	1.3128e-002	0.	-3.211e+005
0.4797	0.26992	1.2936e-002	0.	-3.3116e+005
0.48119	0.2714	1.2742e-002	0.	-3.4101e+005
0.48268	0.27288	1.2546e-002	0.	-3.5063e+005
0.48417	0.27436	1.2349e-002	0.	-3.6003e+005
0.48567	0.27584	1.215e-002	0.	-3.692e+005
0.48716	0.27732	1.195e-002	0.	-3.7814e+005
0.48865	0.2788	1.1748e-002	0.	-3.8686e+005
0.49015	0.28028	1.1545e-002	0.	-3.9535e+005
0.49164	0.28175	1.134e-002	0.	-4.036e+005
0.49313	0.28323	1.1134e-002	0.	-4.1163e+005
0.49462	0.28471	1.0926e-002	0.	-4.1942e+005
0.49612	0.28619	1.0717e-002	0.	-4.2697e+005
0.49761	0.28767	1.0507e-002	0.	-4.3428e+005
0.4991	0.28915	1.0296e-002	0.	-4.4137e+005
0.5006	0.29062	1.0083e-002	0.	-4.482e+005
0.50209	0.2921	9.8688e-003	0.	-4.548e+005
0.50358	0.29358	9.6536e-003	0.	-4.6115e+005
0.50507	0.29505	9.4371e-003	0.	-4.6726e+005
0.50657	0.29653	9.2195e-003	0.	-4.7313e+005
0.50806	0.29801	9.0007e-003	0.	-4.7874e+005
0.50955	0.29948	8.7807e-003	0.	-4.8411e+005
0.51104	0.30096	8.5595e-003	0.	-4.8923e+005
0.51254	0.30244	8.3372e-003	0.	-4.941e+005
0.51403	0.30391	8.1137e-003	0.	-4.9871e+005
0.51552	0.30539	7.889e-003	0.	-5.0307e+005
0.51702	0.30686	7.6631e-003	0.	-5.0717e+005
0.51851	0.30834	7.4359e-003	0.	-5.1101e+005
0.52	0.30981	7.2075e-003	0.	-5.1459e+005
0.52149	0.31129	6.9777e-003	0.	-5.1792e+005
0.52299	0.31276	6.7465e-003	0.	-5.2097e+005
0.52448	0.31424	6.5139e-003	0.	-5.2376e+005
0.52597	0.31571	6.2798e-003	0.	-5.2628e+005
0.52747	0.31719	6.0441e-003	0.	-5.2853e+005
0.52896	0.31866	5.8067e-003	0.	-5.3051e+005
0.53045	0.32013	5.5676e-003	0.	-5.3222e+005
0.53194	0.32161	5.3266e-003	0.	-5.3364e+005
0.53344	0.32308	5.0838e-003	0.	-5.348e+005
0.53493	0.32455	4.8392e-003	0.	-5.3568e+005
0.53642	0.32603	4.5927e-003	0.	-5.3628e+005
0.53791	0.3275	4.3446e-003	0.	-5.3661e+005
0.53941	0.32897	4.0947e-003	0.	-5.3667e+005
0.5409	0.33044	3.8435e-003	0.	-5.3646e+005
0.54239	0.33191	3.5909e-003	0.	-5.3597e+005
0.54389	0.33338	3.3374e-003	0.	-5.3522e+005
0.54538	0.33485	3.083e-003	0.	-5.3419e+005
0.54687	0.33632	2.8278e-003	0.	-5.3288e+005
0.54836	0.3378	2.5721e-003	0.	-5.3129e+005
0.54986	0.33927	2.316e-003	0.	-5.2942e+005
0.55135	0.34074	2.0595e-003	0.	-5.2726e+005
0.55284	0.34221	1.8027e-003	0.	-5.2483e+005
0.55434	0.34368	1.5457e-003	0.	-5.221e+005
0.55583	0.34515	1.2884e-003	0.	-5.1909e+005
0.55732	0.34662	1.031e-003	0.	-5.1579e+005
0.55881	0.34809	7.7348e-004	0.	-5.122e+005
0.56031	0.34956	5.1578e-004	0.	-5.0831e+005
0.5618	0.35103	2.5795e-004	0.	4.8133e+005
0.56329	0.3525	-8.3267e-019	0.	1332.2
0.56479	0.35101	-1.0039e-004	0.	5.0149e+005
0.56628	0.34952	-1.9965e-004	0.	4.9669e+005
0.56778	0.34802	-2.9768e-004	0.	4.9172e+005
0.56927	0.34653	-3.944e-004	0.	4.8666e+005
0.57077	0.34504	-4.8978e-004	0.	4.8147e+005
0.57226	0.34355	-5.8365e-004	0.	4.7615e+005
0.57376	0.34205	-6.76e-004	0.	4.7073e+005
0.57525	0.34056	-7.6669e-004	0.	4.6518e+005
0.57675	0.33907	-8.5564e-004	0.	4.5953e+005
0.57825	0.33758	-9.4279e-004	0.	4.5376e+005
0.57974	0.33608	-1.028e-003	0.	4.4788e+005
0.58124	0.33459	-1.1112e-003	0.	4.419e+005
0.58273	0.3331	-1.1924e-003	0.	4.358e+005
0.58423	0.3316	-1.2716e-003	0.	4.2961e+005
0.58572	0.33011	-1.3489e-003	0.	4.2331e+005
0.58722	0.32862	-1.4243e-003	0.	4.169e+005
0.58871	0.32712	-1.4982e-003	0.	4.104e+005
0.59021	0.32563	-1.5706e-003	0.	4.038e+005
0.5917	0.32414	-1.6419e-003	0.	3.971e+005
0.5932	0.32264	-1.7124e-003	0.	3.9032e+005
0.59469	0.32115	-1.7821e-003	0.	3.8342e+005
0.59619	0.31966	-1.8517e-003	0.	3.7644e+005
0.59768	0.31816	-1.9212e-003	0.	3.6937e+005
0.59918	0.31667	-1.9905e-003	0.	3.622e+005
0.60068	0.31517	-2.06e-003	0.	3.5495e+005
0.60217	0.31368	-2.1295e-003	0.	3.476e+005
0.60367	0.31219	-2.1993e-003	0.	3.4017e+005
0.60516	0.31069	-2.2694e-003	0.	3.3264e+005
0.60666	0.3092	-2.3396e-003	0.	3.2503e+005
0.60815	0.30771	-2.4101e-003	0.	3.1732e+005
0.60965	0.30621	-2.4809e-003	0.	3.0952e+005
0.61114	0.30472	-2.5518e-003	0.	3.0163e+005
0.61264	0.30323	-2.623e-003	0.	2.9365e+005
0.61413	0.30173	-2.6943e-003	0.	2.8558e+005
0.61563	0.30024	-2.7659e-003	0.	2.7742e+005
0.61712	0.29874	-2.8376e-003	0.	2.6916e+005
0.61862	0.29725	-2.9094e-003	0.	2.6081e+005
0.62011	0.29576	-2.9813e-003	0.	2.5237e+005
0.62161	0.29426	-3.0533e-003	0.	2.4384e+005
0.62311	0.29277	-3.1254e-003	0.	2.3522e+005
0.6246	0.29128	-3.1976e-003	0.	2.265e+005
0.6261	0.28978	-3.2698e-003	0.	2.1769e+005
0.62759	0.28829	-3.342e-003	0.	2.0878e+005
0.62909	0.2868	-3.4143e-003	0.	1.9979e+005
0.63058	0.2853	-3.4865e-003	0.	1.907e+005
0.63208	0.28381	-3.5587e-003	0.	1.8152e+005
0.63357	0.28231	-3.6309e-003	0.	1.7224e+005
0.63507	0.28082	-3.703e-003	0.	1.6288e+005
0.63656	0.27933	-3.7751e-003	0.	1.5342e+005
0.63806	0.27783	-3.8471e-003	0.	1.4387e+005
0.63955	0.27634	-3.919e-003	0.	1.3422e+005
0.64105	0.27485	-3.9908e-003	0.	1.2448e+005
0.64254	0.27335	-4.0625e-003	0.	1.1465e+005
0.64404	0.27186	-4.1342e-003	0.	1.0473e+005
0.64554	0.27037	-4.2057e-003	0.	94720
0.64703	0.26887	-4.2772e-003	0.	84614
0.64853	0.26738	-4.3486e-003	0.	74416
0.65002	0.26589	-4.4198e-003	0.	64127
0.65152	0.26439	-4.491e-003	0.	53746
0.65301	0.2629	-4.5621e-003	0.	43274
0.65451	0.2614	-4.6332e-003	0.	32710
0.656	0.25991	-4.7041e-003	0.	22054
0.6575	0.25842	-4.7751e-003	0.	11308
0.65899	0.25692	-4.8459e-003	0.	470.11
0.66049	0.25543	-4.9168e-003	0.	-10459
0.66198	0.25394	-4.9876e-003	0.	-21479
0.66348	0.25244	-5.0585e-003	0.	-32590
0.66497	0.25095	-5.1293e-003	0.	-43792
0.66647	0.24945	-5.2001e-003	0.	-55085
0.66797	0.24796	-5.271e-003	0.	-66469
0.66946	0.24647	-5.3419e-003	0.	-77944
0.67096	0.24497	-5.4128e-003	0.	-89510
0.67245	0.24348	-5.4837e-003	0.	-1.0117e+005
0.67395	0.24199	-5.5547e-003	0.	-1.1292e+005
0.67544	0.24049	-5.6258e-003	0.	-1.2475e+005
0.67694	0.239	-5.6968e-003	0.	-1.3669e+005
0.67843	0.23751	-5.7679e-003	0.	-1.4871e+005
0.67993	0.23601	-5.839e-003	0.	-1.6082e+005
0.68142	0.23452	-5.9102e-003	0.	-1.7302e+005
0.68292	0.23302	-5.9813e-003	0.	-1.8532e+005
0.68441	0.23153	-6.0524e-003	0.	-1.9771e+005
0.68591	0.23004	-6.1235e-003	0.	-2.1019e+005
0.6874	0.22854	-6.1946e-003	0.	-2.2276e+005
0.6889	0.22705	-6.2657e-003	0.	-2.3542e+005
0.6904	0.22556	-6.3367e-003	0.	-2.4817e+005
0.69189	0.22406	-6.4076e-003	0.	-2.6101e+005
0.69339	0.22257	-6.4785e-003	0.	-2.7395e+005
0.69488	0.22108	-6.5493e-003	0.	-2.8698e+005
0.69638	0.21958	-6.6199e-003	0.	-3.0009e+005
0.69787	0.21809	-6.6905e-003	0.	-3.133e+005
0.69937	0.21659	-6.7609e-003	0.	-3.266e+005
0.70086	0.2151	-6.8312e-003	0.	-3.3999e+005
0.70236	0.21361	-6.9014e-003	0.	-3.5347e+005
0.70385	0.21211	-6.9714e-003	0.	-3.6704e+005
0.70535	0.21062	-7.0412e-003	0.	-3.807e+005
0.70684	0.20913	-7.1108e-003	0.	-3.9445e+005
0.70834	0.20763	-7.1803e-003	0.	-4.0828e+005
0.70983	0.20614	-7.2495e-003	0.	-4.2221e+005
0.71133	0.20464	-7.3186e-003	0.	-4.3622e+005
0.71283	0.20315	-7.3874e-003	0.	-4.5036e+005
0.71432	0.20166	-7.456e-003	0.	-4.6444e+005
0.71582	0.20016	-7.5243e-003	0.	2.4873e+005
